# plant_data.append(Plant('Lettuce', 5, 'b', (1, 2, 3, 4, 5),
#                         (0, 1), ((0, 2), (2, 5))))
# plant_data.append(Plant('Fennel', 5, 'g', (1, 1, 3, 4, 6),
#                         (1, 0), ((0, 3), (3, 5))))
# plant_data.append(Plant('Marijuana', 5, 'r', (1, 2, 3, 4, 4),
#                         (2, 3, 4, 5), ((0, 1), (1, 2), (2, 3), (3, 5))))
# plant_data.append(Plant('Strawberry', 5, 'y', (1, 1, 3, 3, 5),
#                         (6, 4, 1), ((0, 1), (1, 2), (2, 5))))
# plant_data.append(Plant('Endive', 5, 'purple', (1, 2, 4, 6, 9),
#                         (0, 2, 7), ((0, 1), (1, 4), (4, 5))))
# plant_data.append(Plant('Cabbage', 5, 'orange', (1, 2, 4, 6, 8),
#                         (6, 7, 5), ((0, 1), (1, 3), (3, 5))))
# plant_data.append(Plant('Raddish', 5, 'c', (1, 2, 5, 6, 7),
#                         (4, 7), ((0, 4), (4, 5))))


# plant_data.append(Plant('Lettuce', 40, 'b', (1, 1, 1, 1, 1, 1, 1, 1, 1, 3, 3, 3, 3, 3, 3, 3, 3, 4, 4, 4, 4, 4, 4, 4, 4, 4, 5, 5, 5, 5, 5, 5, 6, 6, 6, 6, 6, 7, 7, 7),
#                         (0, 1), ((0, 20), (20, 40))))
# plant_data.append(Plant('Fennel', 30, 'g', (1, 1, 1, 1, 2, 2, 2, 2, 2, 3, 3, 3, 3, 4, 4, 4, 4, 4, 4, 6, 6, 6, 6, 6, 6, 8, 8, 8, 8, 10),
#                         (1, 0), ((0, 10), (10, 30))))
# plant_data.append(Plant('Marijuana', 35, 'r', (1, 1, 1, 1, 2, 2, 2, 2, 2, 3, 3, 3, 3, 4, 4, 4, 4, 4, 4, 6, 6, 6, 6, 6, 6, 8, 7, 7, 7, 10, 10, 10, 10, 10, 10),
#                         (2, 3, 4, 5), ((0, 10), (10, 16), (16, 26), (26, 35))))
# plant_data.append(Plant('Strawberry', 20, 'y', (1, 1, 1, 1, 2, 2, 2, 3, 3, 3, 3, 4, 4, 6, 6, 6, 7, 7, 7, 8),
#                         (6, 4, 1), ((0, 8), (8, 12), (12, 20))))
# plant_data.append(Plant('Endive', 28, 'purple', (1, 1, 1, 1, 2, 2, 2, 3, 3, 3, 3, 4, 4, 6, 6, 6, 6, 6, 6, 6, 7, 7, 7, 7, 8, 9, 9, 10),
#                         (0, 2, 7), ((0, 10), (10, 15), (15, 28))))
# plant_data.append(Plant('Cabbage', 33, 'orange', (1, 1, 1, 1, 2, 2, 2, 2, 2, 3, 3, 3, 3, 4, 4, 4, 5, 5, 5, 6, 6, 6, 6, 6, 6, 8, 8, 8, 8, 10, 10, 11, 11),
#                         (6, 7, 5), ((0, 15), (15, 21), (21, 33))))
# plant_data.append(Plant('Raddish', 58, 'c', (1, 1, 1, 1, 1, 1, 1, 1, 1, 2, 2, 2, 3, 3, 3, 3, 3, 4, 4, 4, 4, 4, 4, 4, 4, 4, 5, 5, 5, 5, 6, 6, 6, 6, 6, 6, 6, 7, 7, 7, 8, 8, 8, 8, 9, 9, 9, 9, 9, 9, 10, 10, 10, 10, 10, 11, 13, 13),
#                         (4, 7), ((0, 32), (32, 58))))

